2529264
2586957
2587057
2587059
2587089
2592786
2600251
2600378
2600381
2600387
2600423
2600448
2600494
2600524
2600577
2600611
2601012
2601133
2601134
2601135
2601137
2601143
2601162
2601168
2601174
2601176
2601180
2601181
2601231
2601309
2601313
2601351
2602097
2603168
2603260
2603347
2603382
2603384
2603661
2603707
2603773
2603774
2603775
2604379
2604700
2605065
2605262
2605275
2605297
2605301
2605316
2605422
2605428
2605703
2605872
2605894
2605955
2605957
2606435
2606438
2606513
2606567
2606816
2606977
2606984
2607094
2607291
2607508
2607519
2607575
2607590
2607596
2607617
2607629
2607643
2607644
2607648
2607695
2607708
2607712
2607724
2607754
2607843
2608099
2608102
2608505
2608508
2608513
2608594
2608913
2608920
2608995
2609154
2609158
2609180
2609294
2609349
2609409
2609428
2609764
2609969
2609974
2650133
2650163
2650165
2650625
2650808
2650818
2650832
2650841
2650999
2651092
2651113
2651330
2651495
2651523
2668959
2668960
2668970
2668981
2668990
2668995
2668996
2669002
2669004
2669006
2669078
2669081
2669112
2669113
2669138
2669139
2669156
2669169
2669170
2669200
2669208
2669215
2669224
2669235
2669241
2669251
2670176
2671266
2671271
2671369
2672780
2673131
2673299
2673379
2673622
2674275
2674284
2674289
2674312
2674333
2674871
2674872
2675239
2675426
2675427
2675434
2675446
2675482
2675494
2675719
2675901
2675961
2675975
2675979
2676061
2676069
2676091
2676100
2676330
2676491
2677613
2677622
2677623
2677629
2677632
2677639
2677642
2677647
2678391
2678415
2678712
2679339
2679696
2679703
2679704
2679707
2679711
2679713
2679715
2679735
2679744
2679761
2679866
2679898
2679947
2679967
2680053
2680225
2681623
2681638
2681639
2681640
2681641
2681643
2681651
2681676
2681678
2681679
2681726
2681727
2681972
2682005
2682534
2682836
2682930
2682935
2683049
2683058
2683060
2683084
2683092
2684709
2687929
2687932
2687937
2687942
2687948
2688197
2688369
2688393
2688420
2688561
2688622
2688661
2688702
2688706
2688970
2689020
2689175
2689187
2689197
2689205
2689210
2689212
2689217
2689218
2689329
2689429
2689446
2689507
2689592
2700726
2700736
2700785
2700795
2700828
2700859
2700934
2701078
2701151
2701261
2701297
2701311
2701418
2701727
2701799
2701896
2701930
2701939
2701983
2702048
2702717
2702789
2703146
2703250
2703336
2703777
2703793
2704160
2704178
2704179
2704207
2704218
2704234
2704261
2704265
2704300
2704323
2704353
2704505
2704669
2704674
2704687
2704806
2704883
2704922
2704930
2704940
2704951
2705290
2705308
2705315
2705495
2705701
2705966
2705975
2706008
2706056
2706196
2706241
2706368
2706435
2706458
2706465
2706490
2706518
2706649
2709988
2710326
2710560
2710592
2710648
2717493
2717570
2717910
2718307
2721119
2721897
2722046
2722359
2722383
2722602
2722760
2722817
2722926
2722942
2722950
2722973
2723188
2723340
2723500
2723767
2723925
2724253
2724284
2724361
2724517
2724554
2724584
2724609
2724868
2724869
2724925
2725309
2725388
2725414
2725816
2726010
2726097
2726445
2726545
2726592
2726614
2726673
2726725
2726880
2726894
2726956
2727038
2727181
2727266
2727294
2727655
2727907
2727938
2728174
2728183
2728281
2728531
2728838
2728870
2728963
2729081
2729473
2729936
2729937
2730127
2730185
2730210
2730240
2768885
2769317
2770004
2770228
2791364
2792588
2797313
2797913
2808211
2810284
2810689
2810731
2816176
2816250
2820517
2849427
2857071
2857601
2864429
2865260
2865280
2865368
2873815
2873865
2875008
2875979
2876213
2882482
2882580
2882793
2882833
2882835
2883075
2888272
2888310
2888605
2888741
2888808
2888811
2888946
2888951
2888992
2888995
2889262
2889299
2889358
2890560
2890668
2890920
2891147
2891304
2891779
2913130
2913365
2913548
2913556
2913931
2914338
2914547
2914642
2926612
2926682
2926759
2926945
2927116
2927192
2927245
2927282
2927850
2928441
2932737
2964355
2971042
2971095
2974786
2974793
2975287
2977171
2984535
2985688
2986129
2987999
2988069
2992808
2993094
2998290
3001956
3002263
3003979
3012167
3020532
3020791
3021037
3023221
3025029
3025673
3026293
3027437
3027452
3027485
3027538
3027640
3027648
3027791
3028176
3028402
3028763
3029817
3032585
3032719
3032756
3032776
3032783
3032796
3032833
3032869
3033129
3033134
3033263
3033266
3033289
3033339
3033354
3033363
3033374
3033446
3033461
3033605
3033894
3034133
3034391
3034620
3034714
3034798
3039454
3039491
3040249
3042644
3045463
3045704
3045858
3045931
3046044
3046155
3048266
3048674
3048831
3049396
3049444
3049571
3049612
3049679
3049757
3049770
3049881
3050148
3050163
3050177
3050272
3050364
3052436
3052680
3053168
3054168
3064056
3066367
3083541
3083660
3083696
3083786
3083838
3085370
3085388
3085390
3085396
3085402
3085407
3085434
3085444
3085450
3085458
3085480
3085503
3085776
3085810
3085811
3085873
3085895
3087634
3088323
3093693
3098616
3104173
3104179
3104537
3105380
3105782
3105813
3107855
3108983
3113239
3113414
3113650
3113745
3118057
3118274
3120060
3120333
3120946
3121461
3121563
3128547
3133512
3134857
3134951
3135329
3135561
3139040
3147080
3147144
3147301
3149879
3169326
3169358
3169386
3169852
3169899
3170097
3170807
3170886
3171711
3171712
3171734
3171945
3171959
3171980
3172043
3172048
3172049
3172050
3172054
3172057
3172059
3172062
3172072
3172082
3172116
3172211
3172300
3172358
3188736
3188743
3188794
3188797
3189068
3189080
3189153
3189158
3189174
3189486
3189645
3189747
3189755
3189767
3189846
3190932
3191030
3191157
3191374
3191414
3229708
3390030
3391629
3392806
3407931
3412864
3423777
3426010
3426392
3426404
3431348
3431565
3434752
3602353
3612876
3666788
3735603
3753330
3753813
3757720
3758161
3816070
3840575
3901967
3928615
3928928
3992299
4007442
4088825
4104731
4106164
4108861
4109084
4112404
4112836
4117021
4118973
4120440
4120665
4125878
4126109
4126174
4130991
4133640
4139238
4144915
4149465
4151143
4270535
4276645
4276912
4276969
4278752
4279191
4279479
4279903
4280088
4280791
4280844
4889932
4921778
4921779
5238786
5257627
5258341
5260484
5260486
5260489
5260496
5260510
5260521
5260557
5260758
5261195
5261197
5261206
5261338
5261340
5261360
5261362
5261370
5261371
5261373
5261384
5261385
5261391
5261396
5261403
5261526
5270837
5274951
5275012
5275044
5275045
5275066
5275102
5275132
5275316
5280020
5280149
5280154
5280231
5280675
5280927
5281267
5281431
5281453
5281481
5281515
5281632
5281645
5281758
5282184
5282299
5282428
5282505
5282529
5282607
5282610
5282635
5282688
5282690
5282711
5282904
5282914
5283402
5283423
5283424
5283502
5283520
5283780
5283946
5283962
5283964
5283980
5284884
5285637
5286294
5286350
5286358
5286360
5286361
5286381
5289582
5289756
5289773
5289845
5289877
5290056
5290058
5290083
5290087
5290090
5290140
5290146
5290149
5290319
5295911
5298231
5300245
5306901
5318958
5331235
5331258
5331268
5331325
5331347
5331355
5331391
5331916
5332004
5333323
5333379
5333412
5333413
5334190
5334208
5334217
5334220
5334259
5334277
5334283
5341170
5341182
5341184
5341190
5341246
5341297
5341300
5341303
5341305
5341443
5341478
5341511
5343710
5345014
5346998
5352367
5356393
5356623
5356701
5356704
5356714
5357013
5358748
5358812
5358935
5359246
5361156
5361815
5362007
5362008
5362038
5365576
5365824
5366340
5366510
5366873
5367620
5369652
5369701
5371473
5371685
5371699
5371742
5371780
5371809
5371818
5372554
5372605
5372647
5372693
5372706
5372778
5372829
5372876
5373083
5373276
5373421
5373533
5373826
5374614
5374863
5375020
5375388
5376000
5376075
5376179
5383726
5384492
5384598
5384604
5384607
5384616
5384620
5384660
5384671
5384754
5384781
5384795
5385561
5385604
5389029
5390848
5391095
5391710
5391862
5394023
5394085
5394163
5403296
5403508
5404542
5405976
5410436
5410907
5411408
5411475
5411919
5412014
5414202
5414323
5414469
5414995
5415020
5415065
5420852
5470072
5472694
5531229
5567575
5567578
5585088
5586736
5602614
5605894
5664390
5687974
5708780
5710061
5710073
5710075
5710080
5710096
5710214
5710240
5710930
5836563
5894842
5939583
6027128
6035873
6109535
6345640
6363434
6363496
6364299
6364634
6369193
6374443
6375524
6391150
6391194
6400569
6428353
6431455
6437017
6446462
6449159
6606832
6607819
6609452
6610778
6612242
6754728
7065260
7070297
7096053
7103891
7103992
7104074
7225596
7226847
7226886
7227967
7246646
7246653
7246667
7246697
7247041
7247092
7247205
7248528
7248995
7266593
7266759
7270427
7270598
7292151
7293605
7295092
7296242
7296247
7296321
7314960
7315537
7319269
7327868
7327920
7331633
7333052
7334631
7339315
7376166
7380493
7411883
7430843
7439391
7444070
7459211
7459480
7470937
7473187
7475861
7486652
7493910
7501261
7506619
7527936
7529713
7530037
7565449
7572816
7580531
7589756
7598487
7601217
7603659
7608669
7615595
7622278
7651211
7653258
7680399
7693914
7696043
7719474
7749266
7758330
7768329
7768497
7792960
7795888
7807570
7817064
7821030
7845022
7862893
7871586
7874883
7887000
7892639
7903868
7904558
7911410
7918641
7919331
7924597
7926811
7931051
7933553
7941056
7952995
7957163
7958539
7960979
7972010
8011540
8034713
8048496
8068424
8073364
8087525
8089871
8108066
8128391
8132213
8144051
8153621
8165236
8184903
8186928
8188960
8188970
8190643
8191827
8195144
8207244
8208358
8211958
8226247
8227194
8228544
8229935
8232782
8248593
8250334
8272844
8273238
8279158
8285546
8285827
8285962
8300875
8300994
8312717
8323622
8324121
8336103
8339890
8342817
8345757
8348125
8350824
8353084
8353146
8366345
8368371
8377689
8386948
8395064
8400367
8400458
8405127
8406661
8407946
8418702
8428006
8429926
8448846
8475761
8490890
8541101
8547806
8548704
8550835
8587121
8590518
8597701
8605056
8621148
8622852
8639340
8647102
8657424
8848598
8871572
8925249
8930531
8934912
8952395
8998684
9002189
9004024
9011379
9011521
9063248
9075436
9094061
9100915
9118014
9137787
9148577
9148812
9153437
9172281
9188840
9202524
9213153
9245228
9375586
9424497
9437812
9453207
9458333
9462026
9485490
9509071
9673315
9823570
9995225
10025353
10027741
10448252
10657796
10673235
10685814
10742591
10760205
10790895
10808395
10843163
10859214
11103124
